Running time of Quick sorting: 
7
468
1108
2874
5778
8347
10039
14955
20396
22002
31185
40947
41421
73340
63152
83138
80309
90027
116369
127656
136355
166262
143811
185674
191517
217989
299525
269900
288083
272158
325802
307615
368870
421833
358636
441037
375376
477231
581417
500350
525848
605889
728541
631522
712585
707724
741408
860327
895186
894576
875199
1163223
1144512
959622
1033750
1137783
1309430
1137957
1215765
1334129
1493125
1355229
1455363
1987222
1495004
1482331
2012334
1983207
1705052
1745703
2485330
1923540
1999529
2262123
2138222
1941620
2199718
2426194
2723526
2692357
2651018
2596001
2745112
2510544
3036200
3187465
3439118
3771347
3045294
3099209
3263124
2895761
3620497
3801677
3475908
3524696
3472750
3585081
4050339
3892623
