Running time of Quick sorting: 
8
509
1433
3591
5191
9312
12131
15283
22340
27109
31176
40737
46953
57547
72429
67606
72614
99145
119646
130509
145193
162643
154185
203571
196381
200988
262945
284455
267521
281917
304648
325469
428858
435796
449895
498054
574709
565082
527303
536126
577760
703048
697779
752974
712809
894764
819713
892514
849855
1096462
1034190
1234086
1099165
1142082
1333783
1202933
1344010
1215920
1350514
1443159
1574679
1568626
1544043
1510873
1789233
1805579
1759456
1962164
1956386
1757880
2206054
2149512
1952489
2482502
2091879
2572218
2491379
2392864
2537773
2998764
2694855
3024688
2807836
2960044
3111817
3540878
3126412
3751331
3569462
3209144
3713500
3532892
3804122
3897759
3709524
3626991
4022942
3826644
4643811
4297668
