Running time of merge sorting: 
9
192
501
858
1401
2026
2731
3508
4411
5435
6447
7694
8915
10272
11788
13459
14952
16578
18348
20189
22235
24511
26637
28864
31271
33638
36265
38826
41996
45044
47578
50332
53368
56462
59852
63314
67095
69954
73963
78975
82859
86467
90715
94717
98508
102459
107936
111852
116463
121066
125656
130443
135063
140440
145938
150667
156101
161238
166871
173277
179374
184167
190321
196519
201290
208534
214376
220952
226849
233378
241236
247359
254035
260092
266895
274454
281472
288760
295386
303630
310833
319082
327496
334851
342317
351037
358082
366248
375158
383934
398031
401774
408884
417295
424665
435619
443962
453756
461690
473057
