Running time of Merge sorting: 
11
217
570
993
1612
2527
3286
4000
4875
6030
7039
8424
9209
10545
11384
13439
14536
16225
17618
19630
21841
23685
26582
28357
31253
34527
41453
41160
45732
43724
47416
52831
52972
54859
59246
62210
65457
69445
73781
77272
82715
85011
90321
93722
97978
103011
107801
111745
117215
119812
124649
130802
135512
140093
146912
152763
157480
164205
168815
173372
179529
186385
190310
197417
204379
221292
218646
226857
238120
237956
243952
253055
260345
266949
274940
281799
288911
297591
307872
313855
322086
328015
337907
344690
350944
371170
369115
378072
406564
396696
404042
413557
420313
433246
438397
447869
458937
474364
480822
492114
